18 16
15 15
12 13
14 14,12,13,15
13-14 不知道
14 16
16 40%
13 13,16,18
13 不知道
16 18
15 18,15,16
28 50%
28 28
14 14,16,18,20
13 13
18 16,18
15 15,18,20
16 16,18
16 14-18
13 100%
13 16
13 13,14
18 18,20
13 14,16
13 13,14
16 16
12 0.4
13 12,16
14 14-18
13 50%
13 13
13 70
13 14,15
14 14
13 18,60
13 14
16 16
13 14,15,16,17
13 12,15,18
14 12,13
16 不知道
14 13,15,16
13 15,20
13-14 13,14
15 16,18
16 14
15 15,16,17
14 20
13 13,18
14 13,14,18
20 20
16 18,20
13 不知道,13,14
14 16,18
16 16,18,20
13 13
15 15
13 13,14
16 14,18
16 14,15,16,17,18
13-15 18,20
13 13,16,17
13 14
14 13,14,15,16,17,18
13-14 15,17
14 不知道
13-14 20
13-14 16-17
18 18,16,20
14 14,16,18
13-14 15,16
14 13,16,18
13-14 13-14
13 13
12 12,14
13 13,14
14 16
18 40%
16 18
13 13,16
13 14,16
13-14 1516
13-14 13
16 16,17,18
13-14 15,18,20
13 13,18
12-13 11,12,13,14
13 13,14,15
17 30%
14 16
不知道 16
15 15
13 15
14-16 16
16 14
14 18
13-14 15,16
15 18
