不知道 8
不知道 不知道
8 9
4 4,8,10
不知道 不知道
6 4
不知道 10%
5 3,4,5
不知道 不知道
6 4
不知道 不知道
4 30%
4 4
4 3,4
4 4
不知道 不知道
8 3,5,6,8
3 2,3,4,5,6,7,8,9,10
4 3,4,5,6
不知道 40%
…我也不知道 无
4 3,4,5
5 4,5,6
5 4,5,6
4 3,4,5
8 8
不清楚 0.3
4 8
4 3,4,5
4 30%
4 4
4 50
3 4
3 不知道
15 5,8,10
4 3
4 4
4 6,8
4 3
不知道 不知道
5 不知道
4 无
4 4,5
4 4
4 3,5
8 6
4 3,4,5
不知道 不知道
4 3,
4 4,6,8
12 不知道
4 3,6
4 4,5
4 不知道
4 3,4
8 24
3 3
草不知道x 草不知道x
4 3,6
4 2,3,4,5
4 3,5,6
4 4
4 6
7 不知道
4 3
4 不知道
不知道 不知道
4 2
4 3,4
7 7,3,5
3 5,4,6
不知道 不知道
4 3,4,5
6 5，6
不知道 不知道,3,4
9 6
4 3
5 1%
不知道 不知道
4 3,4,5
4 5
4 5
4 3
3 不知道
不知道 不知道
4 4,3
4 3,4,5
3 3,4,5,不知道
3 20%
5 不知道
4 4
4 5
不知道 不知道
7 3
5 6
7 不知道
不知道 不知道
7 不知道
