0.1 不知道
0.05 0.1
0.1 0.1
11 不知道
0.1 0.1
9 不知道
0.1 0.1
0.5 0.1,0.5
0.05 1
0.1 0.1
0.05 0.1
0.05 1
0.05 0.05
0.1 0.1
0.05 0.1
0.1 2.1
0.1 0.9
0.1 0.11
0.1 0.1
0.5 0.5
0.05 0.05,0.1
0.05 0.05
0.1 0.1
0.05 0.5
0.05 1.05
0.1 2.1
0.05 0.05
0.05 1
0.05 1
0.1 0.1
0.05 0.1
0.5 0.5
0.05 1,1.05
0.05 0.1
0.05 0.1
0.05 0.05
0.1 1
0.05 0.1
0.05 0.1
0.05 0.1
0.1 1,0.1
0.05 0.1
0.1 0.1
0.1 0.1
0.05 0.1,0.05
0.1 0.1
0.05 0.05
0.05 0.1
0.05 0.1
0.05 0.1
0.05 0.1
0.05 0.1
0.1 0.1
0.05 0.05
0.05 0.1
0.1 0.1
0.5 5
0.05 0.2
0.1 0.1
0.05 0.1
0.05 0.05,0.1
0.05 0.05
0.1 1,0.1
0.1 1
0.05 0.1
1.05 1.05
0.05 0.05
0.05 0.1
0.1 0.1
0.1 不知道
0.5 0.5,0.1
0.1 不知道
1.05 1
0.1 不知道
0.1 0.1
0.1 0.1
0.05 0.1
0.1 0.1
0.1 0.1
0.1 0.1
0.05 0.05
0.05 0.05,0.5
0.5 0.5
0.05 1
0.1 1,
0.05 0.5
0.05 0.05
0.1 0.1
0.05 0.1
0.05 1
0.05 0.1
0.1 0.1
1.1 1.1,3.1
0.05 0.1
0.1 1,0.1
0.5 0.5,0.1,0.05
0.1 0
0.5 0.5,0.05
0.5 0.1
0.1 0.1,1
0.05 1.05,1,不知道
0.05 0.1
0.1 1
0.1 不知道
0.05 0.05
0.5 0.1
0.05 0.1
0.05 不知道
0.05 1.05
0.05 0.1
0.05 0.1
0.5 1
0.05 0.1
0.05 0.05
0.1 0.1
0.05 0.1
0.1 0.1
0.1 10
0.1 0.1,1
0.05 0.1
0.05 0.1
0.05 0.1
0.05 0.1
0.1 0.1
0.05 1
0.05 0.05
0.1 1
0.05 0.05
0.05 1.05
0.05 0.1
1.05 1,1.05
0.05 1
0.05 0.05
0.05 0.05
0.05 1.5
0.5 0.2
0.05 0.1,0.05
0.1 0.1
0.1 0.1
0.1 0.1
0.05 0.1
0 不知道
0.1 0.5,0.1
0.05 0.1
0.5 1
0.05 0.05,0.1
0.05 0.1
0.05 1
0.05 0.1
0.05 0.1
0.05 1
0.1 1
0.05 0.1
0.1 0.1
0.1 1
0.1 1
0.05 0.05
0.05 1
0.2 0.4
0.1 1
0.5 1
0.5 1
0.1 0.1
0.1 不知道
0.5 1
0.05 不知道
0.05 0.5
0.05 0.1
0.1 0.1
0.5 1
0.05 0.1
0.05 1.1
0.05 0.1
0.05 0.5
不知道 10
0.1 0.1
0.05 0.1
0.05 0.1
0.05 0.05
5 不知道
0.1 0.1
0.05 0.1
1.2 不知道
0.05 0.1
0.1 0.1
0.05 1
0.05 0.05
0.5 0.1
1 1
0.1 0.1
0.1 不知道
0.1 0.1
0.1 1
0.1 0.1
0.05 1
0.1 不知道
0.05 1
0.05 0.05
0.1 0.1
0.05 不知道
0.1 1
0.05 1
0.05 1
0.05 0.1
0.05 0.1
0.1 0.1
0.1 0.1
0.5 0.5
0.05 0.1
0.1 0.1
0.1 1
0.05 0.1
0.5 0.5
0.1 1
0.05 0.5,0.1
0.05 0.1
0.1 0.9
0.1 0.1
0.05 1
0.05 0.1
0.05 0.1
1.05 1,1.05
0.05 不知道
0.1 1.2,2.1
0.05 0.1
0.5 1
0.1 0.1
0.1 0.2
0.05 0.1
1.05 1,1.1
0.05 1
0.05 0.05
0.5 1
0.5 1
0.1 1
1 0.1
0.1 0.3
0.05 0.05,0.1
0.1 0.1,1
1 1
0.05 0.5
0.05 0.5
0.5 0.5
0.1 0.1
0.05 0.05
0.05 0.05,0.1
0.05 0.1,0.05