3 不知道
6π 6
3 3
6 3
3 3
6 3
3 3
6 6
9 9
3 3
6 6
3 3
3 6,9
3 3
6 3
2 3
3 3
3 3
3 3
3 3
6 3
3 3
3 3,6
3 9
3 3
3 3
10 10
3 3
3 6
3 3
10 10
3 6
3 8
9 9
6 3
3 6
3 3
3 3,6
3 6,12
3 3
1 1
4 4,3
3 3,6,9
6 6
2 2
3 不知道
9 9
3 1
3 3
3 3
3 3
3 3
6 6
12 3
3 3
3 9
10 5
3 3,9
1 1
6 3
3 4,3,5
3 6
3 3,6
9 9
3 3
4 3
7 6
3 9
3 3
8 6
9 9
9 6
15 9
12 9,15
3 3
3 3
3 3
6 3
18 18
3 3,π
3 3
9 9
3 不知道
3 3
3 3
3 2
3 3
3 4
6 6
9 9
3 3,0
6 3
10 10
9 3,9
18 0
3 9
9 3
3 3,9
4 不知道
2 3
6 9
5 不知道
3 3
3 9
20 10
9 7,9,11
3 9
6π 12
3 3
3 6
9 9
3 3
2 3
3 3
3 1
4 3,4
1/3 1/3
3 9
3 3
4 3
1 1
3 6
3 3
3 6
3 3
6 3
3 3
3 3,6
9 3
1 1
6 6
6 3
3 6
3 3
3 3
3 3
3 不知道
3 9
3 4
3 3,6
6 3
3 6
3 3
3 3
6 6
3 6
4 4
3 9,6
1 3
π 3,9
3 1
12 8
30 3
3 3
3 9
3 3
3 6,9
3 3,6
3 3
9 9
3 3
3 1
6 3
3 3
3 3
3 9,3
3 3
12 8,12
3 9
3 3
3 3
5 8
6 3
9 3
9 9
3 3,6
4 不知道
6 6
4 3
10 15
9 3
3 3,6
3 3
9 9
9 3
3 3
1 1
3 不知道
1 2
9 3
6 6
4 3
3 不知道
5 3
2 2
1 3
3 不知道
3 15
6 9
3 9
3 3
2 3
3 3
2 2
6 6
1/3 1/3
1 1
3 6
3 5
9 9
12 不知道
3 3
3 3
4 2
1 2
3 不知道
3 3,9
4 3
2 2,3
3 不知道
1 1,1.5
30 9
4 3
4 3
3 1
3 3
3 4,2
4 3
12 12
3 9
3 6
3 9
4 5
3 3
6 6
6 6,12,18
3 3
3 6
3 6
3 3
3 3,6
4 4,3
3 3
3 3
