11 10
10 10
10 不知道
11 10
10 不知道
10 10
11 10,11
11 11,10
10 10
10 11
10 10
10 10
10 10
11 9,10
10 10
10 9
10 10
11 10,11
11 10,9
11 10,11
11 10
10 9
11 10,9
11 9
11 10
9 10
11 10
10 9,10
10 10
11 10
10 10
11 10,11
11 10
11 10/9
9 9
10 9
11 9
11 10
11 10
10 11,9,1
10 10
11 10
10 10
11 10,11
10 10/9
10 10
10 10
10 10
11 10
10 1,9
11 10
10 10
10 10
10 10
10 10/9
10 9
11 10
15 9
11 10
11 10,11
11 10,11
10 10,9
11 51
10 10
10 10
10 10
20 10,20
10 10
10 9
11 10
8 不知道
10 逻辑性，合理性
-10 10,9,11
10 10
9 9,10
10 10
10 9
10 10
11 10
11 10,9
11 10
10 10
10 9
10 9,10
11 11
10 10
9 10
11 10
10 1
10 10
10 10
10 10,11
10 10
11 11,10,9
11 11,10
5 0
11 9
11/10 9,11
10 10,100
11 9,10
10 9
11 11
11 11
10 9,11
11 11
10 9/10
11 10
11 10
10 10
11 10
11 11
10 9
10 9
9 9,11
10 10/9
11 11
10 10
100/91 10
10 10
11 10
11 10
11 10
10 1/10
10 9
10 10
11 10,11
11 10
10 10
10 10
11 10
9 10
10/9 9,10,10/9
10 10
10 10
10 ,
11 10
11 10
9 10
10 9,11
11 10,11
10 10
11 10,9
10 10
11 10
11 10,9
11 9,10
11 9,10
11 10
10 11
2 10,18,30
10 10
11 10
11 10
11 10,9
10 9,10
10 8,12
9 9
10 100
9 10
10 10
11 10
11 10
11 10
10 10,11
11 10
11 10
11 10
10 5,3
10 10/9
11 10
10 11
11 11,10,9
10 10/9
11 10,9,11
11 9,10
9 9,10
11 10
10 9
11 10
10 10
1 2
9 1
10 10
9 10
11 10
11 11
10 10
11 10
11 10
10 10
11 10
9 10
10 10
10 10
11 10
10 10
10 10
10 10
11 10,9
10 11
11 9,10,11
10 11,10
10 10
11 10
10 10
11 10
11 10
11 10
11 10,11
10 0.1,1
10 9
11 9
11 10
11 9
10 11
11 10,9,8
11 10
11 11
11 9
11 10,9
11 10
10 10
9 11
11 10
10 1,10
10 9
9 10,0.1
11 10
11 10
11 10,11
11 11,10,9
11 10,11
11 10,9,11
