100 不知道
20 100
5 5
5 不知道
1 100,5
10 不知道
100 100
100 100
5 5
1 1
100 1000
5 5,100
1 1
5 100
1 5
500 50
6000 100
1 1
1 5
500 20
5 5,100
5 100
5 5
5 5,1
5 1,5
5 100
5 1
5 100
25 5
1 1
20 30
5 5
1 1,100
5 100
5 100,500
5 5
5 1
5 100
5 100
5 100
1 5,100
5 100
5 100
5 5,100
5 5,100
5 5
0.05 0.05
100 10
5 5
5 100
5 500
5 100
1 1
5 5
5 100
100 100
5 5
100 12
5 100
5 100
5 5
5 100
100 100,110
1 100
5 5
100 100
5 5,1
5 100
5 100
5 100
5 5,100
68 好像
5 5
5 100
100 20,100,50
1 100
5 100
100 1
1 1,100
100 1
5 5
5 100,5
5 5
5 5
200 20
5 100
5 5,100
10 20
5 5
1 20
5 5
100 100
1 1,100
5 100
5 100
5 1,5
1 0
5 1
5 100,20
100 20,100
5 5,10,20
5 100,1
100 20
5 不
5 5
5 5
5 100
5 没有
5 5
5 100,1
20 50
5 1
1 10
5 5
5 5
5 100
100 100
5 100
5 5,1
5 10
20 100
5 100
5 100
5 5
5 10
100 100
1 100
5 5
5 100
5 100
5 5
100 1
20 20
500 500
5 100
5 1
1 20,5,1
1 1
1 1
4 ，
5 10
5 5
5 10012
5 20
5 1
5 5,100
5 500
5 20
5 100
20 100
5 100,20
5 100
5 100
5 100
5 100
80 100
500 500
5 100，1
5 100
5 美洲
5 100
5 5
50 50
5 100
5 100
5 6
5 100,5
5 5
5 100
5 5
5 5
5 1,20
5 100
2000 100
100 100
100 20
5 100
5 20
5 5
4 做好
100 100
5 100
5 10
5 100
1 1,100
5 1
500 500
5 100
1 1
5 100
5 回答时间
100 100
0.1 1
1 1,10
5 100
1 不知道
1 5
5 5
100 100
5 100
5 100
1 100
5 100
100 500
1 100,10
500 500
5 100
5 1
5 5
5 5
5 10
5 1
5 5,100
5 5
100 20
100 100
5 1
20 20
5 不知道呀
5 100
5 100
5 5,2.5
1 100
5 10,500
5 100
5 100
5 100
5 100
100 50
5 100,1
5 100
5 5
7.5 1
5 10,20
1 100
1 100
20 5
5 5
100 101,1,0
1200 1200
5 100
5 100
5 5
5 5,100
5 5
5 5,100
5 100,5
