28 35
28 28
28 不知道
56 58
28 28
27 不知道
27 27
28 30
28 30多
27 30
28 28,30,40,50
27 任意
28 30,28
40 30
30多 20多
27 30
28 28
52 不知道
28 30
28 不知道
28 40
27 27
28 28
27 32
27 45
27 50
28 27
28 28
45 52
28 30
51 40
30 40
27 30,50
28 28
27 27
28 28
31 40,52
55 56
55 55
27 27,28
56 54
56 53
28 28
30 50
27 30
28 36
51 不知道
27 27
28 28
28 28
28 28
35 不知道
27 27
30 50
27 27
28 28
52 55,45
28 不知道
30 30,40,50
50 59
27 27
30 50
39 50
28 不知道
44 50
34 22
35 45
45 50
28 27
30 30
50 50
27 27
34 50
30 40
51 45
27 30
35 不知道
55 不知道
28 20,25,30
27 50
56 56
28 27
45 45,48
30 30
40 30,40
28 30
30 30
28 28,52
33 0
28 20多
27 37,47
30 40
28 28,50
27 31,26
34 40
28 28
27 26
27 30
30 20,40
30 40
27 50
27 51
28 28
30 38
49 50
27 27,50,51
50 60
27 51
28 30
45 50
35 40
30 30
27 30,27
28 不知道
30 50
27 27
50 50
27 27
28 28
50 不知道
27 28
35 35	，
30 45
40 35
22 不知道
28 23
40 30
30 25
30 60
27 23
52 46,52,49,51,50
23 28,32
25 28,30
35 40
28 27
40 36
28 51
28 28
27 28
28 28
28 28
50 50
27 20
50 55
28 28
48 50,55
29 29
46 46
55 55,58
27 35
32 32
36 46
40 50
46 40
23 23
23 25
28 28
36 7
30多 20多,30多,40多,50多
27 50
35 38
27 26
50 33,40,50,58,60,68
28 50
30 35
27 26
27 27
27 37
51 50
35 50
27 27
27 27
40 50
40 50
27 27
27 37
40 50
28 40
27 30
52 55
27 50
55 60
28 28
35 55
27 不知道
19 不知道
28 28
28 27
28 不知道
28 38
28 28
28 27,28
28 28
48 46
36 42,44
28 29
30 31,32,33,34,35,36,37,38,39,40
30 25
28 28
32 51
28 27
28 30
28 27
65 60,70
28 28
52 59
55 55
27 28,29,30
27 不知道
27 20
27 28
28 28,29,30
28 28,27,22
38 不知道
