2 不知道
1 2
4 4
2 不知道
2 2
不知道 没有
3 3
2 6
2 3
2 2
4 4
2 2
3 3
1 2
2 2
3 不知道
4 4
4 4
2 2
2 4
1 2
1 直教生死相许？
5 3
2 2
1 2
2 4
直教死生相许 赤练仙子李莫愁
2 不过是一物降一物
2 2
只收人生死相许 只收人生死相许
5 人困苦情更苦短
2 4
2 2
直叫人以生死相许 生死相依
2 4
2 6
1 2
1 不过一物降一物
1 1
1 1
只叫人生死相随 只知道，一物降一物
2 2
2 2
1 1,2
1 2,1
2 2
2 2
4 4
1 2
1 2
只叫人生死相依 我没听过
2 2
1 1
2 一样
1 1
3 3
1 4
2 请是一把双刃剑
2 2
1 2
1 1
2 2
2 叫人看都看不透
2 不知道
2 2
1 1
2 2
2 2
2 3
2 4
2 2
4 女
2 一样的
2 2
2 2
1 1
2 2
2 2
2 2
2 2
2 2
2 2
3 3
1 2
2 。
2 2
1 1
1 2
只叫人生死相随 只叫人生死相随
2 4
3 3
2 2
4 4
1 2
2 2
只教生死相许 这敖生吃相许
5 1
6 情为情物
2 我怎么知道？
4 只让人生死相许
2 2,不知道
2 1
2 不知道
忘了 不
1 1
1 2
3 直叫人生死相依
不知道 不知道
2 2
1 2
2 又岂在朝朝暮暮
1 2
2 2
2 2
2 2
3 不懂
直教人，生死相随 直教人，生死相随
直叫人以身相许 以身相许
2 直让人生死相许
6 不知道
只叫人生死相随 只叫人
2 在认真作答
1 2
直至让人生死相许 直至让人生死相许
2 不知道
2 2
2 不知道
1 2
1 2
2 2
2 2
2 梅花三弄
2 2
2 2
2 4
2 2
1 2
2 2
直教人生死相殉 直教人生死想殉
2 ，
2 不知道
2 2
2 4
1 生死相许
2 2
2 2
只叫人以身相许 只叫人伤心流泪
2 2
只叫人一生相许 只叫人一生相许
2 2
2 。
2 4,又岂在朝朝暮暮
6 哪堪回首月明中
4 4
2 4
3 废物
2 2
2 3
1 直教生死相依
1 只叫生死相许
2 2
1 1
2 2
不知道 不清楚
只叫人生死相依 无
2 不知
2 2
3 3
2 2
2 2
3 3
直叫人生死两相许 天涯何处无芳草
2 2
4 只叫人生死相依
2 还不是一物克一物
6 不知道
2 2
2 2
2 2
做好 做好
2 2
1 2
2 更多机会
2 还是单身快乐
1 1
3 3
3 2
3 真让人难受
1 1
2 红豆最相思
2 一段古词
只让人生死相许 只让人生死相随
生死相依 无
2 2,直教人生死相依
3 一物降一物
2 不知道
2 2
2 2
3 3
只让人生死相许 不知道
2 4
3 2
2 不清楚
2 不知道
1 2
2 叫人生死相依
2 2
2 4
1 1
2 2
2 3
2 3
1 1,2
2 2
2 2
2 2
1 3
化作春泥更护花 窈窕淑女君子好逑
1 2
2 指教人生死相许
1 2
2 2
2 直教人生死两茫茫
以身相许 为情所困
直教生死相许。 直教人生死相许。
1 1
4 直教人身死相许
叫人难以想象 首都
2 4
2 不知前途路茫茫
1 3
2 2
3 4
2 不知道
2 情何以堪
2 3
2 2
佛曰 佛曰
1 天南地北双飞客,直教人从小私奔
2 2
3 直叫人以身相许
2 3
1 1,2
1 1,3,直叫人生死相依
1 直教生死相许，直教人生死相许
3 3
2 不知道
